overview: 0.0
osmosis: 0.0
validators: 0.0
ecosystem: 0.0
proposals: 0.0
block: 0.0
tx: 0.0
relayers: 0.0
wasm: 0.0
assets: 0.0
address: 0.0
parameters: 0.0
SPICE: 0.0
osmo1r32tnsvx87gtfpy762e97yfxk8kp4t8ccs94a3nj9969le8yjsrqey8gdw: 0.0
osmo1dr4um0jmyhjtjc0r2p03cfxw0kfssucgpec3q9: 0.0
osmo1t8sk5zsucpxwyursv56yln43ndnucu7394ywvz: 0.0
osmo1tyyf6qe4l9gv0sm9zgc9p946tx4nj7aht3ct4m7amk2ycl4ken2sfsr9pp: 0.0
osmo1akz8xvzdjazlw4lgxmq2mm4r9el5mlhq73javx: 0.0
osmo1n7nkys0arpgxvllc4kgewxhuszafmj4zr20a92: 0.0
osmo1j8s87w3fctz7nlcqtkl5clnc805r2404s38plw: 0.0
osmo17du97esur46k28s932cewjeguyt5p82kde3yyc: 0.0
osmo1gnvp6hgn5r5c80zahtzp2kvw67d3pc2ypgx453jjdjh42wj65xys2f44rk: 0.0
osmo1yr3ql5g49ffqz4pme5949wv8kw5zetnxyasmn2: 0.0
osmo14qnswsv5vk6ylrl5j43lns8rp8e9th9t5fzgx9: 0.0
osmo1y6tzeakp9yqq3tk0x5xfdsny9mafdfz9hsrpl3: 0.0
osmo1fn9z54wy6slvm78hhsnhhuc0l2ewlrxsc6wysm: 0.0
osmo12sczd7vmheqat355txqducgm6fk86ye4eel33f: 0.0
osmo1r32tnsvx87gtfpy762e97yfxk8kp4t8ccs94a3nj9969le8yjsrqey8gdw: 16,851,569.637156..637156
osmo1dr4um0jmyhjtjc0r2p03cfxw0kfssucgpec3q9: 11,861,106.238759..238759
osmo1t8sk5zsucpxwyursv56yln43ndnucu7394ywvz: 3,402,313.028738..028738
osmo1tyyf6qe4l9gv0sm9zgc9p946tx4nj7aht3ct4m7amk2ycl4ken2sfsr9pp: 3,127,521.156843..156843
osmo1akz8xvzdjazlw4lgxmq2mm4r9el5mlhq73javx: 3,089,098.291840..291840
osmo1n7nkys0arpgxvllc4kgewxhuszafmj4zr20a92: 1,818,097.019815..019815
osmo1j8s87w3fctz7nlcqtkl5clnc805r2404s38plw: 1,814,595.477568..477568
osmo17du97esur46k28s932cewjeguyt5p82kde3yyc: 1,700,000.000000..000000
osmo1gnvp6hgn5r5c80zahtzp2kvw67d3pc2ypgx453jjdjh42wj65xys2f44rk: 1,526,211.275528..275528
osmo1yr3ql5g49ffqz4pme5949wv8kw5zetnxyasmn2: 1,466,485.465431..465431
osmo14qnswsv5vk6ylrl5j43lns8rp8e9th9t5fzgx9: 1,432,500.179959..179959
osmo1y6tzeakp9yqq3tk0x5xfdsny9mafdfz9hsrpl3: 1,412,888.780098..780098
osmo1fn9z54wy6slvm78hhsnhhuc0l2ewlrxsc6wysm: 1,399,827.156984..156984
osmo12sczd7vmheqat355txqducgm6fk86ye4eel33f: 1,288,588.163191..163191
: 0.0
mintscanio: 0.0
cosmostation: 0.0
cosmostation: 0.0
cosmostation: 0.0
@cosmostationio: 0.0
